D = [19/6 -4 4/3 -1/2; 1 -1/3 -1 1/3; -1/3 1 1/3 -1; 1/2 -4/3 4 -19/6]

D =

    3.1667   -4.0000    1.3333   -0.5000
    1.0000   -0.3333   -1.0000    0.3333
   -0.3333    1.0000    0.3333   -1.0000
    0.5000   -1.3333    4.0000   -3.1667

eig(D)

ans =

   1.0e-03 *

   0.2484 + 0.0000i
   0.0000 + 0.2484i
   0.0000 - 0.2484i
  -0.2484 + 0.0000i

diary off
