diary on
x = hilb(5)\sum(hilb(5)')'

x =

    1.0000
    1.0000
    1.0000
    1.0000
    1.0000

 
x = hilb(5)\sum(hilb(5)')'

x =

    1.0000
    1.0000
    1.0000
    1.0000
    1.0000

x = hilb(10)\sum(hilb(10)')'

x =

    1.0000
    1.0000
    1.0000
    1.0000
    1.0000
    1.0001
    0.9999
    1.0001
    0.9999
    1.0000

x = hilb(15)\sum(hilb(15)')'
[Warning: Matrix is close to singular or badly scaled. Results may be inaccurate. RCOND =  1.024999e-18.] 
[] 

x =

    1.0000
    1.0000
    1.0002
    0.9957
    1.0552
    0.6068
    2.7178
   -3.8114
    9.6899
   -8.6575
    6.3444
    1.6930
   -2.0797
    2.8210
    0.6247

x = hilb(20)\sum(hilb(20)')'
[Warning: Matrix is close to singular or badly scaled. Results may be inaccurate. RCOND =  1.155429e-19.] 
[] 

x =

    1.0000
    1.0001
    0.9955
    1.0635
    0.5635
    2.4236
    0.2518
   -9.1734
   36.9718
  -53.5696
   43.8449
  -37.5198
   72.3107
  -51.0217
  -57.6111
  100.4214
    5.1570
  -86.7209
   62.3377
  -12.7251

y = hilb(5)

y =

    1.0000    0.5000    0.3333    0.2500    0.2000
    0.5000    0.3333    0.2500    0.2000    0.1667
    0.3333    0.2500    0.2000    0.1667    0.1429
    0.2500    0.2000    0.1667    0.1429    0.1250
    0.2000    0.1667    0.1429    0.1250    0.1111

y = hilb(10)

y =

    1.0000    0.5000    0.3333    0.2500    0.2000    0.1667    0.1429    0.1250    0.1111    0.1000
    0.5000    0.3333    0.2500    0.2000    0.1667    0.1429    0.1250    0.1111    0.1000    0.0909
    0.3333    0.2500    0.2000    0.1667    0.1429    0.1250    0.1111    0.1000    0.0909    0.0833
    0.2500    0.2000    0.1667    0.1429    0.1250    0.1111    0.1000    0.0909    0.0833    0.0769
    0.2000    0.1667    0.1429    0.1250    0.1111    0.1000    0.0909    0.0833    0.0769    0.0714
    0.1667    0.1429    0.1250    0.1111    0.1000    0.0909    0.0833    0.0769    0.0714    0.0667
    0.1429    0.1250    0.1111    0.1000    0.0909    0.0833    0.0769    0.0714    0.0667    0.0625
    0.1250    0.1111    0.1000    0.0909    0.0833    0.0769    0.0714    0.0667    0.0625    0.0588
    0.1111    0.1000    0.0909    0.0833    0.0769    0.0714    0.0667    0.0625    0.0588    0.0556
    0.1000    0.0909    0.0833    0.0769    0.0714    0.0667    0.0625    0.0588    0.0556    0.0526

y = hilb(15)

y =

  Columns 1 through 13

    1.0000    0.5000    0.3333    0.2500    0.2000    0.1667    0.1429    0.1250    0.1111    0.1000    0.0909    0.0833    0.0769
    0.5000    0.3333    0.2500    0.2000    0.1667    0.1429    0.1250    0.1111    0.1000    0.0909    0.0833    0.0769    0.0714
    0.3333    0.2500    0.2000    0.1667    0.1429    0.1250    0.1111    0.1000    0.0909    0.0833    0.0769    0.0714    0.0667
    0.2500    0.2000    0.1667    0.1429    0.1250    0.1111    0.1000    0.0909    0.0833    0.0769    0.0714    0.0667    0.0625
    0.2000    0.1667    0.1429    0.1250    0.1111    0.1000    0.0909    0.0833    0.0769    0.0714    0.0667    0.0625    0.0588
    0.1667    0.1429    0.1250    0.1111    0.1000    0.0909    0.0833    0.0769    0.0714    0.0667    0.0625    0.0588    0.0556
    0.1429    0.1250    0.1111    0.1000    0.0909    0.0833    0.0769    0.0714    0.0667    0.0625    0.0588    0.0556    0.0526
    0.1250    0.1111    0.1000    0.0909    0.0833    0.0769    0.0714    0.0667    0.0625    0.0588    0.0556    0.0526    0.0500
    0.1111    0.1000    0.0909    0.0833    0.0769    0.0714    0.0667    0.0625    0.0588    0.0556    0.0526    0.0500    0.0476
    0.1000    0.0909    0.0833    0.0769    0.0714    0.0667    0.0625    0.0588    0.0556    0.0526    0.0500    0.0476    0.0455
    0.0909    0.0833    0.0769    0.0714    0.0667    0.0625    0.0588    0.0556    0.0526    0.0500    0.0476    0.0455    0.0435
    0.0833    0.0769    0.0714    0.0667    0.0625    0.0588    0.0556    0.0526    0.0500    0.0476    0.0455    0.0435    0.0417
    0.0769    0.0714    0.0667    0.0625    0.0588    0.0556    0.0526    0.0500    0.0476    0.0455    0.0435    0.0417    0.0400
    0.0714    0.0667    0.0625    0.0588    0.0556    0.0526    0.0500    0.0476    0.0455    0.0435    0.0417    0.0400    0.0385
    0.0667    0.0625    0.0588    0.0556    0.0526    0.0500    0.0476    0.0455    0.0435    0.0417    0.0400    0.0385    0.0370

  Columns 14 through 15

    0.0714    0.0667
    0.0667    0.0625
    0.0625    0.0588
    0.0588    0.0556
    0.0556    0.0526
    0.0526    0.0500
    0.0500    0.0476
    0.0476    0.0455
    0.0455    0.0435
    0.0435    0.0417
    0.0417    0.0400
    0.0400    0.0385
    0.0385    0.0370
    0.0370    0.0357
    0.0357    0.0345

y = hilb(20)

y =

  Columns 1 through 13

    1.0000    0.5000    0.3333    0.2500    0.2000    0.1667    0.1429    0.1250    0.1111    0.1000    0.0909    0.0833    0.0769
    0.5000    0.3333    0.2500    0.2000    0.1667    0.1429    0.1250    0.1111    0.1000    0.0909    0.0833    0.0769    0.0714
    0.3333    0.2500    0.2000    0.1667    0.1429    0.1250    0.1111    0.1000    0.0909    0.0833    0.0769    0.0714    0.0667
    0.2500    0.2000    0.1667    0.1429    0.1250    0.1111    0.1000    0.0909    0.0833    0.0769    0.0714    0.0667    0.0625
    0.2000    0.1667    0.1429    0.1250    0.1111    0.1000    0.0909    0.0833    0.0769    0.0714    0.0667    0.0625    0.0588
    0.1667    0.1429    0.1250    0.1111    0.1000    0.0909    0.0833    0.0769    0.0714    0.0667    0.0625    0.0588    0.0556
    0.1429    0.1250    0.1111    0.1000    0.0909    0.0833    0.0769    0.0714    0.0667    0.0625    0.0588    0.0556    0.0526
    0.1250    0.1111    0.1000    0.0909    0.0833    0.0769    0.0714    0.0667    0.0625    0.0588    0.0556    0.0526    0.0500
    0.1111    0.1000    0.0909    0.0833    0.0769    0.0714    0.0667    0.0625    0.0588    0.0556    0.0526    0.0500    0.0476
    0.1000    0.0909    0.0833    0.0769    0.0714    0.0667    0.0625    0.0588    0.0556    0.0526    0.0500    0.0476    0.0455
    0.0909    0.0833    0.0769    0.0714    0.0667    0.0625    0.0588    0.0556    0.0526    0.0500    0.0476    0.0455    0.0435
    0.0833    0.0769    0.0714    0.0667    0.0625    0.0588    0.0556    0.0526    0.0500    0.0476    0.0455    0.0435    0.0417
    0.0769    0.0714    0.0667    0.0625    0.0588    0.0556    0.0526    0.0500    0.0476    0.0455    0.0435    0.0417    0.0400
    0.0714    0.0667    0.0625    0.0588    0.0556    0.0526    0.0500    0.0476    0.0455    0.0435    0.0417    0.0400    0.0385
    0.0667    0.0625    0.0588    0.0556    0.0526    0.0500    0.0476    0.0455    0.0435    0.0417    0.0400    0.0385    0.0370
    0.0625    0.0588    0.0556    0.0526    0.0500    0.0476    0.0455    0.0435    0.0417    0.0400    0.0385    0.0370    0.0357
    0.0588    0.0556    0.0526    0.0500    0.0476    0.0455    0.0435    0.0417    0.0400    0.0385    0.0370    0.0357    0.0345
    0.0556    0.0526    0.0500    0.0476    0.0455    0.0435    0.0417    0.0400    0.0385    0.0370    0.0357    0.0345    0.0333
    0.0526    0.0500    0.0476    0.0455    0.0435    0.0417    0.0400    0.0385    0.0370    0.0357    0.0345    0.0333    0.0323
    0.0500    0.0476    0.0455    0.0435    0.0417    0.0400    0.0385    0.0370    0.0357    0.0345    0.0333    0.0323    0.0313

