
diary('hw5_1c')
diary on
A = [1.2969 0.8648; 0.2161 0.1441]

A =

   1.2969e+00   8.6480e-01
   2.1610e-01   1.4410e-01

norm(A,inf)

ans =

   2.1617e+00

A2 = inv(A)

A2 =

   1.4410e+07  -8.6480e+07
  -2.1610e+07   1.2969e+08

norm(A2,inf)

ans =

   1.5130e+08

cond(A,inf)

ans =

   3.2707e+08

diary off
