a = [2 2 2 2 2]

a =

     2     2     2     2     2

b= [-1 -1 -1 -1 -1]

b =

    -1    -1    -1    -1    -1

c = [-1 -1 -1 -1 -1]

c =

    -1    -1    -1    -1    -1

f= [1 0 0 0 1]

f =

     1     0     0     0     1


my_trisolve(a,b,c,f)

ans =

   1.0000e+00
   1.0000e+00
   1.0000e+00
   1.0000e+00
   1.0000e+00

diary off
